((("inport_source" .
   [0 0 0 1 0 0 0 0 0 0 0 0 0])
  ("-f" .
   [2 0])
  ("rm" .
   [1 0])
  ("/home/qishanqing/workspace/code/Release_Trunk/" .
   [0 0 0 0 0 0 0 0 0 0 0 0 0 0 0 0 0 0 0 0 0 0 0 0 0 0 0 0 0 0 0 0 0 1 0 0 0 0 0 0 0 0 0 0 0 0])
  ("update" .
   [1 0 0 0 0 0])
  ("c" .
   [5])
  ("break" .
   [0 0 0 1 1])
  ("task_name" .
   [1 0 0 0 0 0 0 0 0])
  ("create-job" .
   [1 0 0 0 0 0 0 0 0 0])
  ("r" .
   [2])
  ("-z" .
   [1 0])
  ("branch#*tech/" .
   [0 0 0 0 0 0 1 0 0 0 0 0 0])
  ("local" .
   [0 0 0 0 1])
  ("branch#*Branch/" .
   [0 0 0 0 0 0 0 0 1 2 0 0 0 0 0])
  ("revision" .
   [0 0 0 0 1 1 0 2])
  ("tag#*Tag/" .
   [0 0 0 0 0 0 1 0 0])
  ("tag1:-branch" .
   [0 0 0 0 1 0 0 0 0 0 0 0])
  ("tag2" .
   [2 0 0 0])
  ("tag1" .
   [6 0 0 0])
  ("tag" .
   [11 0 0])
  ("head" .
   [5 0 0 0])
  ("locked" .
   [0 0 0 1 0 0])
  ("export" .
   [0 0 0 1 0 2])
  ("-rf" .
   [1 0 0])
  ("cat" .
   [2 0 0])
  ("~/tmp/output." .
   [0 0 0 1 1 0 0 0 0 0 0 0 0])
  ("trunk" .
   [3 0 0 0 0])
  ("before_action" .
   [0 0 0 0 0 0 0 0 0 1 0 0 0])
  ("require" .
   [0 0 0 0 1 0 0])
  ("user_params" .
   [0 0 0 0 1 0 0 0 0 0 0])
  ("password" .
   [0 0 0 1 0 0 0 0])
  ("s" .
   [4])
  ("subject" .
   [1 0 0 0 0 0 1])
  ("email" .
   [1 0 1 0 0])
  ("user" .
   [7 0 0 0])
  ("DFLib_access" .
   [0 0 1 0 0 0 0 0 0 0 0 0])
  ("cli" .
   [1 0 0])
  ("__name__" .
   [0 0 0 0 0 1 0 0])
  ("arguments" .
   [0 0 0 1 0 0 0 0 0])
  ("print" .
   [0 0 0 0 1])
  ("__doc__" .
   [0 0 0 0 0 1 0])
  ("docopt" .
   [0 0 0 1 1 0])
  ("doc" .
   [0 0 1])
  ("continue" .
   [0 0 0 0 1 0 0 0])
  ("yesterday" .
   [0 0 1 0 0 0 0 0 0])
  ("svn_branch_url" .
   [0 0 0 0 0 1 0 0 0 0 0 0 0 0])
  ("rev" .
   [1 0 0])
  ("filenames1" .
   [0 0 0 0 0 0 0 0 1 0])
  ("theirs-conflict" .
   [0 0 2 0 0 0 0 0 0 0 0 0 0 0 0])
  ("filenames" .
   [0 0 0 0 0 0 0 0 2])
  ("elsif" .
   [0 0 1 0 0])
  ("types" .
   [1 0 0 1 0])
  ("then" .
   [0 0 0 1])
  ("return" .
   [0 0 2 1 0 1])
  ("function" .
   [0 0 0 1 0 0 0 1])
  ("check-acces" .
   [0 0 0 0 1 0 0 0 0 0 0])
  ("branch_name" .
   [0 0 0 2 1 0 0 0 0 0 0])
  ("the" .
   [6 0 0])
  ("-ne" .
   [1 0 1])
  ("check-branch" .
   [1 0 0 0 1 0 0 0 0 0 0 0])
  ("mails-cm" .
   [0 0 0 1 0 0 0 0])
  ("-i" .
   [1 0])
  ("true" .
   [1 0 2 0])
  ("-eq" .
   [2 0 0])
  ("list" .
   [2 0 0 0])
  ("/" .
   [1])
  ("svn" .
   [3 0 0])
  ("check-addtrunk" .
   [0 0 0 0 1 0 0 0 0 0 0 0 0 0])
  ("b" .
   [1])
  ("branch" .
   [5 0 0 0 2 0])
  ("check-createtrunk" .
   [0 0 0 0 1 0 0 0 0 0 0 0 0 0 0 0 0])
  ("raw_train" .
   [0 0 0 1 0 0 0 0 0])
  ("data_list" .
   [0 0 2 0 0 0 0 0 1])
  ("rb" .
   [1 0])
  ("config" .
   [0 0 0 0 0 1])
  ("Active" .
   [2 0 0 0 0 0])
  ("action_mailer" .
   [0 0 0 0 0 0 1 0 0 0 0 0 0])
  ("Tag" .
   [1 0 0])
  ("mails_cm" .
   [0 0 0 1 0 0 0 0])
  ("else" .
   [0 0 0 3])
  ("die" .
   [2 0 0])
  ("log" .
   [1 0 0])
  ("-l" .
   [1 0])
  ("add------项目不存在，马上为你新建" .
   [1 0 0 0 0 0 0 0 0 0 0 0 0 0 0 0 0 0 0 0 0])
  ("svnurl" .
   [2 0 0 1 3 0])
  ("del" .
   [4 0 0])
  ("dirname" .
   [1 0 0 0 0 0 0])
  ("Basetrunkcode" .
   [1 0 0 0 0 0 0 0 0 0 0 0 0])
  ("-x" .
   [1 0])
  ("info2" .
   [1 0 0 0 0])
  ("~/tmp/merged/tree_conflict_list.txt" .
   [1 0 0 0 0 0 0 0 0 0 0 0 0 0 0 0 0 0 0 0 0 0 0 0 0 0 0 0 0 0 0 0 0 0 0])
  ("~/myscript/sh/" .
   [0 0 0 0 0 0 0 0 0 0 0 0 0 1])
  ("t" .
   [2])
  ("release_trunk_code" .
   [0 0 0 0 1 0 0 0 0 0 0 0 0 0 0 0 0 0])
  ("SVN_Release_Trunk_up" .
   [0 0 0 0 0 1 0 0 0 0 0 0 0 0 0 0 0 0 0 0])
  ("^r" .
   [1 0])
  ("~/myscript/sh/cmdb" .
   [1 0 0 0 0 0 0 0 0 0 0 0 0 0 0 0 0 0])
  ("cmdb_mysql" .
   [0 0 1 0 0 0 0 0 0 0])
  ("copy" .
   [4 0 0 0])
  ("~/myscript/sh/svn.sh" .
   [1 0 0 0 0 0 0 0 0 0 0 0 0 0 0 0 0 0 0 0])
  ("s," .
   [1 0])))
